0.025316
0.027848
0.030379
0.032911
0.035442
0.037974
0.040506
0.043037
0.045569
0.048100
0.050632
0.053164
0.055695
0.058227
0.060758
0.063290
0.065822
0.068353
0.070885
0.073416
0.075948
0.078480
0.081011
0.083543
0.086074
0.088606
0.091138
0.093669
0.096201
0.098732
0.101264
0.103796
0.106327
0.108859
0.111390
0.113922
0.116454
0.118985
0.121517
0.124048
0.126580
0.129112
0.131643
0.134175
0.136706
0.139238
0.141770
0.144301
0.146833
0.149364
0.151896
0.154428
0.156959
0.159491
0.162022
0.164554
0.167086
0.169617
0.172149
0.174680
0.177212
0.179744
0.182275
0.184807
0.187338
0.189870
0.192402
0.194933
0.197465
0.199996
0.202528
0.205060
0.207591
0.210123
0.212654
0.215186
0.217718
0.220249
0.222781
0.225312
0.227844
0.230376
0.232907
0.235439
0.237970
0.240502
0.243034
0.245565
0.248097
0.250628
0.253160
0.255692
0.258223
0.260755
0.263286
0.265818
0.268350
0.270881
0.273413
0.275944
0.278476
0.281008
0.283539
0.286071
0.288602
0.291134
0.293666
0.296197
0.298729
0.301260
0.303792
0.306324
0.308855
0.311387
0.313918
0.316450
0.318982
0.321513
0.324045
0.326576
0.329108
0.331640
0.334171
0.336703
0.339234
0.341766
0.344298
0.346829
0.349361
0.351892
0.354424
0.356956
0.359487
0.362019
0.364550
0.367082
0.369614
0.372145
0.374677
0.377208
0.379740
0.382272
0.384803
0.387335
0.389866
0.392398
0.394930
0.397461
0.399993
0.402524
0.405056
0.407588
0.410119
0.412651
0.415182
0.417714
0.420246
0.422777
0.425309
0.427840
0.430372
0.432904
0.435435
0.437967
0.440498
0.443030
0.445562
0.448093
0.450625
0.453156
0.455688
0.458220
0.460751
0.463283
0.465814
0.468346
0.470878
0.473409
0.475941
0.478472
0.481004
0.483536
0.486067
0.488599
0.491130
0.493662
0.496194
0.498725
0.501257
0.503788
0.506320
0.508852
0.511383
0.513915
0.516446
0.518978
0.521510
0.524041
0.526573
0.529104
0.531636
0.534168
0.536699
0.539231
0.541762
0.544294
0.546826
0.549357
0.551889
0.554420
0.556952
0.559484
0.562015
0.564547
0.567078
0.569610
0.572142
0.574673
0.577205
0.579736
0.582268
0.584800
0.587331
0.589863
0.592394
0.594926
0.597458
0.599989
0.602521
0.605052
0.607584
0.610116
0.612647
0.615179
0.617710
0.620242
0.622774
0.625305
0.627837
0.630368
0.632900
0.635432
0.637963
0.640495
0.643026
0.645558
0.648090
0.650621
0.653153
0.655684
0.658216
0.660748
0.663279
0.665811
0.668342
0.670874
0.673406
0.675937
0.678469
0.681000
0.683532
0.686064
0.688595
0.691127
0.693658
0.696190
0.698722
0.701253
0.703785
0.706316
0.708848
0.711380
0.713911
0.716443
0.718974
0.721506
0.724038
0.726569
0.729101
0.731632
0.734164
0.736696
0.739227
0.741759
0.744290
0.746822
0.749354
0.751885
0.754417
0.756948
0.759480
0.762012
0.764543
0.767075
0.769606
0.772138
0.774670
0.777201
0.779733
0.782264
0.784796
0.787328
0.789859
0.792391
0.794922
0.797454
0.799986
0.802517
0.805049
0.807580
0.810112
0.812644
0.815175
0.817707
0.820238
0.822770
0.825302
0.827833
0.830365
0.832896
0.835428
0.837960
0.840491
0.843023
0.845554
0.848086
0.850618
0.853149
0.855681
0.858212
0.860744
0.863276
0.865807
0.868339
0.870870
0.873402
0.875934
0.878465
0.880997
0.883528
0.886060
0.888592
0.891123
0.893655
0.896186
0.898718
0.901250
0.903781
0.906313
0.908844
0.911376
0.913908
0.916439
0.918971
0.921502
0.924034
0.926566
0.929097
0.931629
0.934160
0.936692
0.939224
0.941755
0.944287
0.946818
0.949350
0.951882
0.954413
0.956945
0.959476
0.962008
0.964540
0.967071
0.969603
0.972134
0.974666
0.977198
0.979729
0.982261
0.984792
0.987324
0.989856
0.992387
0.994919
0.997450
0.999982
1.002514
1.005045
1.007577
1.010108
1.012640
1.015172
1.017703
1.020235
1.022766
1.025298
1.027830
1.030361
1.032893
1.035424
1.037956
1.040488
1.043019
1.045551
1.048082
1.050614
1.053146
1.055677
1.058209
1.060740
1.063272
1.065804
1.068335
1.070867
1.073398
1.075930
1.078462
1.080993
1.083525
1.086056
1.088588
1.091120
1.093651
1.096183
1.098714
1.101246
1.103778
1.106309
1.108841
1.111372
1.113904
1.116436
1.118967
1.121499
1.124030
1.126562
1.129094
1.131625
1.134157
1.136688
1.139220
1.141752
1.144283
1.146815
1.149346
1.151878
1.154410
1.156941
1.159473
1.162004
1.164536
1.167068
1.169599
1.172131
1.174662
1.177194
1.179726
1.182257
1.184789
1.187320
1.189852
1.192384
1.194915
1.197447
1.199978
1.202510
1.205042
1.207573
1.210105
1.212636
1.215168
1.217700
1.220231
1.222763
1.225294
1.227826
1.230358
1.232889
1.235421
1.237952
1.240484
1.243016
1.245547
1.248079
1.250610
1.253142
1.255674
1.258205
1.260737
1.263268
1.265800
1.268332
1.270863
1.273395
1.275926
1.278458
1.280990
1.283521
1.286053
1.288584
1.291116
1.293648
1.296179
1.298711
1.301242
1.303774
1.306306
1.308837
1.311369
1.313900
1.316432
1.318964
1.321495
1.324027
1.326558
1.329090
1.331622
1.334153
1.336685
1.339216
1.341748
1.344280
1.346811
1.349343
1.351874
1.354406
1.356938
1.359469
1.362001
1.364532
1.367064
1.369596
1.372127
1.374659
1.377190
1.379722
1.382254
1.384785
1.387317
1.389848
1.392380
1.394912
1.397443
1.399975
1.402506
1.405038
1.407570
1.410101
1.412633
1.415164
1.417696
1.420228
1.422759
1.425291
1.427822
1.430354
1.432886
1.435417
1.437949
1.440480
1.443012
1.445544
1.448075
1.450607
1.453138
1.455670
1.458202
1.460733
1.463265
1.465796
1.468328
1.470860
1.473391
1.475923
1.478454
1.480986
1.483518
1.486049
1.488581
1.491112
1.493644
1.496176
1.498707
1.501239
1.503770
1.506302
1.508834
1.511365
1.513897
1.516428
1.518960
1.521492
1.524023
1.526555
1.529086
1.531618
1.534150
1.536681
1.539213
1.541744
1.544276
1.546808
1.549339
1.551871
1.554402
1.556934
1.559466
1.561997
1.564529
1.567060
1.569592
1.572124
1.574655
1.577187
1.579718
1.582250
1.584782
1.587313
1.589845
1.592376
1.594908
1.597440
1.599971
1.602503
1.605034
1.607566
1.610098
1.612629
1.615161
1.617692
1.620224
1.622756
1.625287
1.627819
1.630350
1.632882
1.635414
1.637945
1.640477
1.643008
1.645540
1.648072
1.650603
1.653135
1.655666
1.658198
1.660730
1.663261
1.665793
1.668324
1.670856
1.673388
1.675919
1.678451
1.680982
1.683514
1.686046
1.688577
1.691109
1.693640
1.696172
1.698704
1.701235
1.703767
1.706298
1.708830
1.711362
1.713893
1.716425
1.718956
1.721488
1.724020
1.726551
1.729083
1.731614
1.734146
1.736678
1.739209
1.741741
1.744272
1.746804
1.749336
1.751867
1.754399
1.756930
1.759462
1.761994
1.764525
1.767057
1.769588
1.772120
1.774652
1.777183
1.779715
1.782246
1.784778
1.787310
1.789841
1.792373
1.794904
1.797436
1.799968
1.802499
1.805031
1.807562
1.810094
1.812626
1.815157
1.817689
1.820220
1.822752
1.825284
1.827815
1.830347
1.832878
1.835410
1.837942
1.840473
1.843005
1.845536
1.848068
1.850600
1.853131
1.855663
1.858194
1.860726
1.863258
1.865789
1.868321
1.870852
1.873384
1.875916
1.878447
1.880979
1.883510
1.886042
1.888574
1.891105
1.893637
1.896168
1.898700
1.901232
1.903763
1.906295
1.908826
1.911358
1.913890
1.916421
1.918953
1.921484
1.924016
1.926548
1.929079
1.931611
1.934142
1.936674
1.939206
1.941737
1.944269
1.946800
1.949332
1.951864
1.954395
1.956927
1.959458
1.961990
1.964522
1.967053
1.969585
1.972116
1.974648
1.977180
1.979711
1.982243
1.984774
1.987306
1.989838
1.992369
1.994901
1.997432
1.999964
2.002496
2.005027
2.007559
2.010090
2.012622
2.015154
2.017685
2.020217   
2.022748   
2.025280   
2.027812   
2.030343   
2.032875   
2.035406   
2.037938   
2.040470   
2.043001   
2.045533   
2.048064   
2.050596   
2.053128   
2.055659   
2.058191   
2.060722   
2.063254   
2.065786   
2.068317   
2.070849   
2.073380   
2.075912   
2.078444   
2.080975   
2.083507   
2.086038   
2.088570   
2.091102   
2.093633   
2.096165   
2.098696   
2.101228   
2.103760   
2.106291   
2.108823   
2.111354   
2.113886   
2.116418   
2.118949   
2.121481   
2.124012   
2.126544   
2.129076   
2.131607   
2.134139   
2.136670   
2.139202   
2.141734   
2.144265   
2.146797   
2.149328   
2.151860   
2.154392   
2.156923   
2.159455   
2.161986   
2.164518   
2.167050   
2.169581   
2.172113   
2.174644   
2.177176   
2.179708   
2.182239   
2.184771   
2.187302   
2.189834   
2.192366   
2.194897   
2.197429   
2.199960   
2.202492   
2.205024   
2.207555   
2.210087   
2.212618   
2.215150   
2.217682   
2.220213   
2.222745   
2.225276   
2.227808   
2.230340   
2.232871   
2.235403   
2.237934   
2.240466   
2.242998   
2.245529   
2.248061   
2.250592   
2.253124   
2.255656   
2.258187   
2.260719   
2.263250   
2.265782   
2.268314   
2.270845   
2.273377   
2.275908   
2.278440   
2.280972   
2.283503   
2.286035   
2.288566   
2.291098   
2.293630   
2.296161   
2.298693   
2.301224   
2.303756   
2.306288   
2.308819   
2.311351   
2.313882   
2.316414   
2.318946   
2.321477   
2.324009   
2.326540   
2.329072   
2.331604   
2.334135   
2.336667   
2.339198   
2.341730   
2.344262   
2.346793   
2.349325   
2.351856   
2.354388   
2.356920   
2.359451   
2.361983   
2.364514   
2.367046   
2.369578   
2.372109   
2.374641   
2.377172   
2.379704   
2.382236   
2.384767   
2.387299   
2.389830   
2.392362   
2.394894   
2.397425   
2.399957   
2.402488   
2.405020   
2.407552   
2.410083   
2.412615   
2.415146   
2.417678   
2.420210   
2.422741   
2.425273   
2.427804   
2.430336   
2.432868   
2.435399   
2.437931   
2.440462   
2.442994   
2.445526   
2.448057   
2.450589   
2.453120   
2.455652   
2.458184   
2.460715   
2.463247   
2.465778   
2.468310   
2.470842   
2.473373   
2.475905   
2.478436   
2.480968   
2.483500   
2.486031   
2.488563   
2.491094   
2.493626   
2.496158   
2.498689   
2.501221   
2.503752   
2.506284   
2.508816   
2.511347   
2.513879   
2.516410   
2.518942   
2.521474   
2.524005   
2.526537   
2.529068   
2.531600   
2.534132   
2.536663   
2.539195   
2.541726   
2.544258   
2.546790   
2.549321   
2.551853   
2.554384   
2.556916   
2.559448   
2.561979   
2.564511   
2.567042   
2.569574   
2.572106   
2.574637   
2.577169   
2.579700   
2.582232   
2.584764   
2.587295   
2.589827   
2.592358   
2.594890   
2.597422   
2.599953   
2.602485   
2.605016   
2.607548   
2.610080   
2.612611   
2.615143   
2.617674   
2.620206   
2.622738   
2.625269   
2.627801   
2.630332   
2.632864   
2.635396   
2.637927   
2.640459   
2.642990   
2.645522   
2.648054   
2.650585   
2.653117   
2.655648   
2.658180   
2.660712   
2.663243   
2.665775   
2.668306   
2.670838   
2.673370   
2.675901   
2.678433   
2.680964   
2.683496   
2.686028   
2.688559   
2.691091   
2.693622   
2.696154   
2.698686   
2.701217   
2.703749   
2.706280   
2.708812   
2.711344   
2.713875   
2.716407   
2.718938   
2.721470   
2.724002   
2.726533   
2.729065   
2.731596   
2.734128   
2.736660   
2.739191   
2.741723   
2.744254   
2.746786   
2.749318   
2.751849   
2.754381   
2.756912   
2.759444   
2.761976   
2.764507   
2.767039   
2.769570   
2.772102   
2.774634   
2.777165   
2.779697   
2.782228   
2.784760   
2.787292   
2.789823   
2.792355   
2.794886   
2.797418   
2.799950   
2.802481   
2.805013   
2.807544   
2.810076   
2.812608   
2.815139   
2.817671   
2.820202   
2.822734   
2.825266   
2.827797   
2.830329   
2.832860   
2.835392   
2.837924   
2.840455   
2.842987   
2.845518   
2.848050   
2.850582   
2.853113   
2.855645   
2.858176   
2.860708   
2.863240   
2.865771   
2.868303   
2.870834   
2.873366   
2.875898   
2.878429   
2.880961   
2.883492   
2.886024   
2.888556   
2.891087   
2.893619   
2.896150   
2.898682   
2.901214   
2.903745   
2.906277   
2.908808   
2.911340   
2.913872   
2.916403   
2.918935   
2.921466   
2.923998   
2.926530   
2.929061   
2.931593   
2.934124   
2.936656   
2.939188   
2.941719   
2.944251   
2.946782   
2.949314   
2.951846   
2.954377   
2.956909   
2.959440   
2.961972   
2.964504   
2.967035   
2.969567   
2.972098   
2.974630   
2.977162   
2.979693   
2.982225   
2.984756   
2.987288   
2.989820   
2.992351   
2.994883   
2.997414   
2.999946   
3.002478   
3.005009   
3.007541   
3.010072   
3.012604   
3.015136   
3.017667   
3.020199   
3.022730   
3.025262   
3.027794   
3.030325   
3.032857   
3.035388   
3.037920   
3.040452   
3.042983   
3.045515   
3.048046   
3.050578   
3.053110   
3.055641   
3.058173   
3.060704   
3.063236   
3.065768   
3.068299   
3.070831   
3.073362   
3.075894   
3.078426   
3.080957   
3.083489   
3.086020   
3.088552   
3.091084   
3.093615   
3.096147   
3.098678   
3.101210   
3.103742   
3.106273   
3.108805   
3.111336   
3.113868   
3.116400   
3.118931   
3.121463   
3.123994   
3.126526   
3.129058   
3.131589   
3.134121   
3.136652   
3.139184   
3.141716   
3.144247   
3.146779   
3.149310   
3.151842   
3.154374   
3.156905   
3.159437   
3.161968   
3.164500   
3.167032   
3.169563   
3.172095   
3.174626   
3.177158   
3.179690   
3.182221   
3.184753   
3.187284   
3.189816   
3.192348   
3.194879   
3.197411   
3.199942   
3.202474   
3.205006   
3.207537   
3.210069   
3.212600   
3.215132   
3.217664   
3.220195   
3.222727   
3.225258   
3.227790   
3.230322   
3.232853   
3.235385   
3.237916   
3.240448   
3.242980   
3.245511   
3.248043   
3.250574   
3.253106   
3.255638   
3.258169   
3.260701   
3.263232   
3.265764   
3.268296   
3.270827   
3.273359   
3.275890   
3.278422   
3.280954   
3.283485   
3.286017   
3.288548   
3.291080   
3.293612   
3.296143   
3.298675   
3.301206   
3.303738   
3.306270   
3.308801   
3.311333   
3.313864   
3.316396   
3.318928   
3.321459   
3.323991   
3.326522   
3.329054   
3.331586   
3.334117   
3.336649   
3.339180   
3.341712   
3.344244   
3.346775   
3.349307   
3.351838   
3.354370   
3.356902   
3.359433   
3.361965   
3.364496   
3.367028   
3.369560   
3.372091   
3.374623   
3.377154   
3.379686   
3.382218   
3.384749   
3.387281   
3.389812   
3.392344   
3.394876   
3.397407   
3.399939   
3.402470   
3.405002   
3.407534   
3.410065   
3.412597   
3.415128   
3.417660   
3.420192   
3.422723   
3.425255   
3.427786   
3.430318   
3.432850   
3.435381   
3.437913   
3.440444   
3.442976   
3.445508   
3.448039   
3.450571   
3.453102   
3.455634   
3.458166   
3.460697   
3.463229   
3.465760   
3.468292   
3.470824   
3.473355   
3.475887   
3.478418   
3.480950   
3.483482   
3.486013   
3.488545   
3.491076   
3.493608   
3.496140   
3.498671   
3.501203   
3.503734   
3.506266   
3.508798   
3.511329   
3.513861   
3.516392   
3.518924   
3.521456   
3.523987   
3.526519   
3.529050   
3.531582   
3.534114   
3.536645   
3.539177   
3.541708   
3.544240   
3.546772   
3.549303   
3.551835   
3.554366   
3.556898   
3.559430   
3.561961   
3.564493   
3.567024   
3.569556   
3.572088   
3.574619   
3.577151   
3.579682   
3.582214   
3.584746   
3.587277   
3.589809   
3.592340   
3.594872   
3.597404   
3.599935   
3.602467   
3.604998   
3.607530   
3.610062   
3.612593   
3.615125   
3.617656   
3.620188   
3.622720   
3.625251   
3.627783   
3.630314   
3.632846   
3.635378   
3.637909   
3.640441   
3.642972   
3.645504   
3.648036   
3.650567   
3.653099   
3.655630   
3.658162   
3.660694   
3.663225   
3.665757   
3.668288   
3.670820   
3.673352   
3.675883   
3.678415   
3.680946   
3.683478   
3.686010   
3.688541   
3.691073   
3.693604   
3.696136   
3.698668   
3.701199   
3.703731   
3.706262   
3.708794   
3.711326   
3.713857   
3.716389   
3.718920   
3.721452   
3.723984   
3.726515   
3.729047   
3.731578   
3.734110   
3.736642   
3.739173   
3.741705   
3.744236   
3.746768   
3.749300   
3.751831   
3.754363   
3.756894   
3.759426   
3.761958   
3.764489   
3.767021   
3.769552   
3.772084   
3.774616   
3.777147   
3.779679   
3.782210   
3.784742   
3.787274   
3.789805   
3.792337   
3.794868   
3.797400   
3.799932   
3.802463   
3.804995   
3.807526   
3.810058   
3.812590   
3.815121   
3.817653   
3.820184   
3.822716   
3.825248   
3.827779   
3.830311   
3.832842   
3.835374   
3.837906   
3.840437   
3.842969   
3.845500   
3.848032   
3.850564   
3.853095   
3.855627   
3.858158   
3.860690   
3.863222   
3.865753   
3.868285   
3.870816   
3.873348   
3.875880   
3.878411   
3.880943   
3.883474   
3.886006   
3.888538   
3.891069   
3.893601   
3.896132   
3.898664   
3.901196   
3.903727   
3.906259   
3.908790   
3.911322   
3.913854   
3.916385   
3.918917   
3.921448   
3.923980   
3.926512   
3.929043   
3.931575   
3.934106   
3.936638   
3.939170   
3.941701   
3.944233   
3.946764   
3.949296   
3.951828   
3.954359   
3.956891   
3.959422   
3.961954   
3.964486   
3.967017   
3.969549   
3.972080   
3.974612   
3.977144   
3.979675   
3.982207   
3.984738   
3.987270   
3.989802   
3.992333   
3.994865   
3.997396   
3.999928   
4.002460   
4.004991   
4.007523   
4.010054   
4.012586   
4.015118   
4.017649   
4.020181   
4.022712   
4.025244   
4.027776   
4.030307   
4.032839   
4.035370   
4.037902   
4.040434   
4.042965   
4.045497   
4.048028   
4.050560   
4.053092   
4.055623   
4.058155   
4.060686   
4.063218   
4.065750   
4.068281   
4.070813   
4.073344   
4.075876   
4.078408   
4.080939   
4.083471   
4.086002   
4.088534   
4.091066   
4.093597   
4.096129   
4.098660   
4.101192   
4.103724   
4.106255   
4.108787   
4.111318   
4.113850   
4.116382   
4.118913   
4.121445   
4.123976   
4.126508   
4.129040   
4.131571   
4.134103   
4.136634   
4.139166   
4.141698   
4.144229   
4.146761   
4.149292   
4.151824   
4.154356   
4.156887   
4.159419   
4.161950   
4.164482   
4.167014   
4.169545   
4.172077   
4.174608   
4.177140   
4.179672   
4.182203   
4.184735   
4.187266   
4.189798   
4.192330   
4.194861   
4.197393   
4.199924   
4.202456   
4.204988   
4.207519   
4.210051   
4.212582   
4.215114   
4.217646   
4.220177   
4.222709   
4.225240   
4.227772   
4.230304   
4.232835   
4.235367   
4.237898   
4.240430   
4.242962   
4.245493   
4.248025   
4.250556   
4.253088   
4.255620   
4.258151   
4.260683   
4.263214   
4.265746   
4.268278   
4.270809   
4.273341   
4.275872   
4.278404   
4.280936   
4.283467   
4.285999   
4.288530   
4.291062   
4.293594   
4.296125   
4.298657   
4.301188   
4.303720   
4.306252   
4.308783   
4.311315   
4.313846   
4.316378   
4.318910   
4.321441   
4.323973   
4.326504   
4.329036   
4.331568   
4.334099   
4.336631   
4.339162   
4.341694   
4.344226   
4.346757   
4.349289   
4.351820   
4.354352   
4.356884   
4.359415   
4.361947   
4.364478   
4.367010   
4.369542   
4.372073   
4.374605   
4.377136   
4.379668   
4.382200   
4.384731   
4.387263   
4.389794   
4.392326   
4.394858   
4.397389   
4.399921   
4.402452   
4.404984   
4.407516   
4.410047   
4.412579   
4.415110   
4.417642   
4.420174   
4.422705   
4.425237   
4.427768   
4.430300   
4.432832   
4.435363   
4.437895   
4.440426   
4.442958   
4.445490   
4.448021   
4.450553   
4.453084   
4.455616   
4.458148   
4.460679   
4.463211   
4.465742   
4.468274   
4.470806   
4.473337   
4.475869   
4.478400   
4.480932   
4.483464   
4.485995   
4.488527   
4.491058   
4.493590   
4.496122   
4.498653   
4.501185   
4.503716   
4.506248   
4.508780   
4.511311   
4.513843   
4.516374   
4.518906   
4.521438   
4.523969   
4.526501   
4.529032   
4.531564   
4.534096   
4.536627   
4.539159   
4.541690   
4.544222   
4.546754   
4.549285   
4.551817   
4.554348   
4.556880   
4.559412   
4.561943   
4.564475   
4.567006   
4.569538   
4.572070   
4.574601   
4.577133   
4.579664   
4.582196   
4.584728   
4.587259   
4.589791   
4.592322   
4.594854   
4.597386   
4.599917   
4.602449   
4.604980   
4.607512   
4.610044   
4.612575   
4.615107   
4.617638   
4.620170   
4.622702   
4.625233   
4.627765   
4.630296   
4.632828   
4.635360   
4.637891   
4.640423   
4.642954   
4.645486   
4.648018   
4.650549   
4.653081   
4.655612   
4.658144   
4.660676   
4.663207   
4.665739   
4.668270   
4.670802   
4.673334   
4.675865   
4.678397   
4.680928   
4.683460   
4.685992   
4.688523   
4.691055   
4.693586   
4.696118   
4.698650   
4.701181   
4.703713   
4.706244   
4.708776   
4.711308   
4.713839   
4.716371   
4.718902   
4.721434   
4.723966   
4.726497   
4.729029   
4.731560   
4.734092   
4.736624   
4.739155   
4.741687   
4.744218   
4.746750   
4.749282   
4.751813   
4.754345   
4.756876   
4.759408   
4.761940   
4.764471   
4.767003   
4.769534   
4.772066   
4.774598   
4.777129   
4.779661   
4.782192   
4.784724   
4.787256   
4.789787   
4.792319   
4.794850   
4.797382   
4.799914   
4.802445   
4.804977   
4.807508   
4.810040   
4.812572   
4.815103   
4.817635   
4.820166   
4.822698   
4.825230   
4.827761   
4.830293   
4.832824   
4.835356   
4.837888   
4.840419   
4.842951   
4.845482   
4.848014   
4.850546   
4.853077   
4.855609   
4.858140   
4.860672   
4.863204   
4.865735   
4.868267   
4.870798   
4.873330   
4.875862   
4.878393   
4.880925   
4.883456   
4.885988   
4.888520   
4.891051   
4.893583   
4.896114   
4.898646   
4.901178   
4.903709   
4.906241   
4.908772   
4.911304   
4.913836   
4.916367   
4.918899   
4.921430   
4.923962   
4.926494   
4.929025   
4.931557   
4.934088   
4.936620   
4.939152   
4.941683   
4.944215   
4.946746   
4.949278   
4.951810   
4.954341   
4.956873   
4.959404   
4.961936   
4.964468   
4.966999   
4.969531   
4.972062   
4.974594   
4.977126   
4.979657   
4.982189   
4.984720   
4.987252   
4.989784   
4.992315   
4.994847   
4.997378   
4.999910   
5.002442   
5.004973   
5.007505   
5.010036   
5.012568   
5.015100   
5.017631   
5.020163   
5.022694   
5.025226   
5.027758   
5.030289   
5.032821   
5.035352   
5.037884   
5.040416   
5.042947   
5.045479   
5.048010   
5.050542   
5.053074   
5.055605   
5.058137   
5.060668   
5.063200   
5.065732   
5.068263   
5.070795   
5.073326   
5.075858   
5.078390   
5.080921   
5.083453   
5.085984   
5.088516   
5.091048   
5.093579   
5.096111   
5.098642   
5.101174   
5.103706   
5.106237   
5.108769   
5.111300   
5.113832   
5.116364   
5.118895   
5.121427   
5.123958   
5.126490   
5.129022   
5.131553   
5.134085   
5.136616   
5.139148   
5.141680   
5.144211   
5.146743   
5.149274   
5.151806   
5.154338   
5.156869   
5.159401   
5.161932   
5.164464   
5.166996   
5.169527   
5.172059   
5.174590   
5.177122   
5.179654   
5.182185   
5.184717   
5.187248   
5.189780   
5.192312   
5.194843   
5.197375   
5.199906   
5.202438   
5.204970   
5.207501   
5.210033   
5.212564   
5.215096   
5.217628   
5.220159   
5.222691   
5.225222   
5.227754   
5.230286   
5.232817   
5.235349   
5.237880   
5.240412   
5.242944   
5.245475   
5.248007   
5.250538   
5.253070   
5.255602   
5.258133   
5.260665   
5.263196   
5.265728   
5.268260   
5.270791   
5.273323   
5.275854   
5.278386   
5.280918   
5.283449   
5.285981   
5.288512   
5.291044   
5.293576   
5.296107   
5.298639   
5.301170   
5.303702   
5.306234   
5.308765   
5.311297   
5.313828   
5.316360   
5.318892   
5.321423   
5.323955   
5.326486   
5.329018   
5.331550   
5.334081   
5.336613   
5.339144   
5.341676   
5.344208   
5.346739   
5.349271   
5.351802   
5.354334   
5.356866   
5.359397   
5.361929   
5.364460   
5.366992   
5.369524   
5.372055   
5.374587   
5.377118   
5.379650   
5.382182   
5.384713   
5.387245   
5.389776   
5.392308   
5.394840   
5.397371   
5.399903   
5.402434   
5.404966   
5.407498   
5.410029   
5.412561   
5.415092   
5.417624   
5.420156   
5.422687   
5.425219   
5.427750   
5.430282   
5.432814   
5.435345   
5.437877   
5.440408   
5.442940   
5.445472   
5.448003   
5.450535   
5.453066   
5.455598   
5.458130   
5.460661   
5.463193   
5.465724   
5.468256   
5.470788   
5.473319   
5.475851   
5.478382   
5.480914   
5.483446   
5.485977   
5.488509   
5.491040   
5.493572   
5.496104   
5.498635   
5.501167   
5.503698   
5.506230   
5.508762   
5.511293   
5.513825   
5.516356   
5.518888   
5.521420   
5.523951   
5.526483   
5.529014   
5.531546   
5.534078   
5.536609   
5.539141   
5.541672   
5.544204   
5.546736   
5.549267   
5.551799   
5.554330   
5.556862   
5.559394   
5.561925   
5.564457   
5.566988   
5.569520   
5.572052   
5.574583   
5.577115   
5.579646   
5.582178   
5.584710   
5.587241   
5.589773   
5.592304   
5.594836   
5.597368   
5.599899   
5.602431   
5.604962   
5.607494   
5.610026   
5.612557   
5.615089   
5.617620   
5.620152   
5.622684   
5.625215   
5.627747   
5.630278   
5.632810   
5.635342   
5.637873   
5.640405   
5.642936   
5.645468   
5.648000   
5.650531   
5.653063   
5.655594   
5.658126   
5.660658   
5.663189   
5.665721   
5.668252   
5.670784   
5.673316   
5.675847   
5.678379   
5.680910   
5.683442   
5.685974   
5.688505   
5.691037   
5.693568   
5.696100   
5.698632   
5.701163   
5.703695   
5.706226   
5.708758   
5.711290   
5.713821   
5.716353   
5.718884   
5.721416   
5.723948   
5.726479   
5.729011   
5.731542   
5.734074   
5.736606   
5.739137   
5.741669   
5.744200   
5.746732   
5.749264   
5.751795   
5.754327   
5.756858   
5.759390   
5.761922   
5.764453   
5.766985   
5.769516   
5.772048   
5.774580   
5.777111   
5.779643   
5.782174   
5.784706   
5.787238   
5.789769   
5.792301   
5.794832   
5.797364   
5.799896   
5.802427   
5.804959   
5.807490   
5.810022   
5.812554   
5.815085   
5.817617   
5.820148   
5.822680   
5.825212   
5.827743   
5.830275   
5.832806   
5.835338   
5.837870   
5.840401   
5.842933   
5.845464   
5.847996   
5.850528   
5.853059   
5.855591   
5.858122   
5.860654   
5.863186   
5.865717   
5.868249   
5.870780   
5.873312   
5.875844   
5.878375   
5.880907   
5.883438   
5.885970   
5.888502   
5.891033   
5.893565   
5.896096   
5.898628   
5.901160   
5.903691   
5.906223   
5.908754   
5.911286   
5.913818   
5.916349   
5.918881   
5.921412   
5.923944   
5.926476   
5.929007   
5.931539   
5.934070   
5.936602   
5.939134   
5.941665   
5.944197   
5.946728   
5.949260   
5.951792   
5.954323   
5.956855   
5.959386   
5.961918   
5.964450   
5.966981   
5.969513   
5.972044   
5.974576   
5.977108   
5.979639   
5.982171   
5.984702   
5.987234   
5.989766   
5.992297   
5.994829   
5.997360   
5.999892   
6.002424   
6.004955   
6.007487   
6.010018   
6.012550   
6.015082   
6.017613   
6.020145   
6.022676   
6.025208   
6.027740   
6.030271   
6.032803   
6.035334   
6.037866   
6.040398   
6.042929   
6.045461   
6.047992   
6.050524   
6.053056   
6.055587   
6.058119   
6.060650   
6.063182   
6.065714   
6.068245   
6.070777   
6.073308   
6.075840   
6.078372   
6.080903   
6.083435   
6.085966   
6.088498   
6.091030   
6.093561   
6.096093   
6.098624   
6.101156   
6.103688   
6.106219   
6.108751   
6.111282   
6.113814   
6.116346   
6.118877   
6.121409   
6.123940   
6.126472   
6.129004   
6.131535   
6.134067   
6.136598   
6.139130   
6.141662   
6.144193   
6.146725   
6.149256   
6.151788   
6.154320   
6.156851   
6.159383   
6.161914   
6.164446   
6.166978   
6.169509   
6.172041   
6.174572   
6.177104   
6.179636   
6.182167   
6.184699   
6.187230   
6.189762   
6.192294   
6.194825   
6.197357   
6.199888   
6.202420   
6.204952   
6.207483   
6.210015   
6.212546   
6.215078   
6.217610   
6.220141   
6.222673   
6.225204   
6.227736   
6.230268   
6.232799   
6.235331   
6.237862   
6.240394   
6.242926   
6.245457   
6.247989   
6.250520   
6.253052   
6.255584   
6.258115   
6.260647   
6.263178   
6.265710   
6.268242   
6.270773   
6.273305   
6.275836   
6.278368   
6.280900   
6.283431   
6.285963   
6.288494   
6.291026   
6.293558   
6.296089   
6.298621   
6.301152   
6.303684   
6.306216   
6.308747   
6.311279   
6.313810   
6.316342   
6.318874   
6.321405   
6.323937   
6.326468   
6.329000   
6.331532   
6.334063   
6.336595   
6.339126   
6.341658   
6.344190   
6.346721   
6.349253   
6.351784   
6.354316   
6.356848   
6.359379   
6.361911   
6.364442   
6.366974   
6.369506   
6.372037   
6.374569   
6.377100   
6.379632   
6.382164   
6.384695   
6.387227   
6.389758   
6.392290   
6.394822   
6.397353   
6.399885   
6.402416   
6.404948   
6.407480   
6.410011   
6.412543   
6.415074   
6.417606   
6.420138   
6.422669   
6.425201   
6.427732   
6.430264   
6.432796   
6.435327   
6.437859   
6.440390   
6.442922   
6.445454   
6.447985   
6.450517   
6.453048   
6.455580   
6.458112   
6.460643   
6.463175   
6.465706   
6.468238   
6.470770   
6.473301   
6.475833   
6.478364   
6.480896   
6.483428   
6.485959   
6.488491   
6.491022   
6.493554   
6.496086   
6.498617   
6.501149   
6.503680   
6.506212   
6.508744   
6.511275   
6.513807   
6.516338   
6.518870   
6.521402   
6.523933   
6.526465   
6.528996   
6.531528   
6.534060   
6.536591   
6.539123   
6.541654   
6.544186   
6.546718   
6.549249   
6.551781   
6.554312   
6.556844   
6.559376   
6.561907   
6.564439   
6.566970   
6.569502   
6.572034   
6.574565   
6.577097   
6.579628   
6.582160   
6.584692   
6.587223   
6.589755   
6.592286   
6.594818   
6.597350   
6.599881   
6.602413   
6.604944   
6.607476   
6.610008   
6.612539   
6.615071   
6.617602   
6.620134   
6.622666   
6.625197   
6.627729   
6.630260   
6.632792   
6.635324   
6.637855   
6.640387   
6.642918   
6.645450   
6.647982   
6.650513   
6.653045   
6.655576   
6.658108   
6.660640   
6.663171   
6.665703   
6.668234   
6.670766   
6.673298   
6.675829   
6.678361   
6.680892   
6.683424   
6.685956   
6.688487   
6.691019   
6.693550   
6.696082   
6.698614   
6.701145   
6.703677   
6.706208   
6.708740   
6.711272   
6.713803   
6.716335   
6.718866   
6.721398   
6.723930   
6.726461   
6.728993   
6.731524   
6.734056   
6.736588   
6.739119   
6.741651   
6.744182   
6.746714   
6.749246   
6.751777   
6.754309   
6.756840   
6.759372   
6.761904   
6.764435   
6.766967   
6.769498   
6.772030   
6.774562   
6.777093   
6.779625   
6.782156   
6.784688   
6.787220   
6.789751   
6.792283   
6.794814   
6.797346   
6.799878   
6.802409   
6.804941   
6.807472   
6.810004   
6.812536   
6.815067   
6.817599   
6.820130   
6.822662   
6.825194   
6.827725   
6.830257   
6.832788   
6.835320   
6.837852   
6.840383   
6.842915   
6.845446   
6.847978   
6.850510   
6.853041   
6.855573   
6.858104   
6.860636   
6.863168   
6.865699   
6.868231   
6.870762   
6.873294   
6.875826   
6.878357   
6.880889   
6.883420   
6.885952   
6.888484   
6.891015   
6.893547   
6.896078   
6.898610   
6.901142   
6.903673   
6.906205   
6.908736   
6.911268   
6.913800   
6.916331   
6.918863   
6.921394   
6.923926   
6.926458   
6.928989   
6.931521   
6.934052   
6.936584   
6.939116   
6.941647   
6.944179   
6.946710   
6.949242   
6.951774   
6.954305   
6.956837   
6.959368   
6.961900   
6.964432   
6.966963   
6.969495   
6.972026   
6.974558   
6.977090   
6.979621   
6.982153   
6.984684   
6.987216   
6.989748   
6.992279   
6.994811   
6.997342   
6.999874   
7.002406   
7.004937   
7.007469   
7.010000   
7.012532   
7.015064   
7.017595   
7.020127   
7.022658   
7.025190   
7.027722   
7.030253   
7.032785   
7.035316   
7.037848   
7.040380   
7.042911   
7.045443   
7.047974   
7.050506   
7.053038   
7.055569   
7.058101   
7.060632   
7.063164   
7.065696   
7.068227   
7.070759   
7.073290   
7.075822   
7.078354   
7.080885   
7.083417   
7.085948   
7.088480   
7.091012   
7.093543   
7.096075   
7.098606   
7.101138   
7.103670   
7.106201   
7.108733   
7.111264   
7.113796   
7.116328   
7.118859   
7.121391   
7.123922   
7.126454   
7.128986   
7.131517   
7.134049   
7.136580   
7.139112   
7.141644   
7.144175   
7.146707   
7.149238   
7.151770   
7.154302   
7.156833   
7.159365   
7.161896   
7.164428   
7.166960   
7.169491   
7.172023   
7.174554   
7.177086   
7.179618   
7.182149   
7.184681   
7.187212   
7.189744   
7.192276   
7.194807   
7.197339   
7.199870   
7.202402   
7.204934   
7.207465   
7.209997   
7.212528   
7.215060   
7.217592   
7.220123   
7.222655   
7.225186   
7.227718   
7.230250   
7.232781   
7.235313   
7.237844   
7.240376   
7.242908   
7.245439   
7.247971   
7.250502   
7.253034   
7.255566   
7.258097   
7.260629   
7.263160   
7.265692   
7.268224   
7.270755   
7.273287   
7.275818   
7.278350   
7.280882   
7.283413   
7.285945   
7.288476   
7.291008   
7.293540   
7.296071   
7.298603   
7.301134   
7.303666   
7.306198   
7.308729   
7.311261   
7.313792   
7.316324   
7.318856   
7.321387   
7.323919   
7.326450   
7.328982   
7.331514   
7.334045   
7.336577   
7.339108   
7.341640   
7.344172   
7.346703   
7.349235   
7.351766   
7.354298   
7.356830   
7.359361   
7.361893   
7.364424   
7.366956   
7.369488   
7.372019   
7.374551   
7.377082   
7.379614   
7.382146   
7.384677   
7.387209   
7.389740   
7.392272   
7.394804   
7.397335   
7.399867   
7.402398   
7.404930   
7.407462   
7.409993   
7.412525   
7.415056   
7.417588   
7.420120   
7.422651   
7.425183   
7.427714   
7.430246   
7.432778   
7.435309   
7.437841   
7.440372   
7.442904   
7.445436   
7.447967   
7.450499   
7.453030   
7.455562   
7.458094   
7.460625   
7.463157   
7.465688   
7.468220   
7.470752   
7.473283   
7.475815   
7.478346   
7.480878   
7.483410   
7.485941   
7.488473   
7.491004   
7.493536   
7.496068   
7.498599   
7.501131   
7.503662   
7.506194   
7.508726   
7.511257   
7.513789   
7.516320   
7.518852   
7.521384   
7.523915   
7.526447   
7.528978   
7.531510   
7.534042   
7.536573   
7.539105   
7.541636   
7.544168   
7.546700   
7.549231   
7.551763   
7.554294   
7.556826   
7.559358   
7.561889   
7.564421   
7.566952   
7.569484   
7.572016   
7.574547   
7.577079   
7.579610   
7.582142   
7.584674   
7.587205   
7.589737   
7.592268   
7.594800   
7.597332   
7.599863   
7.602395   
7.604926   
7.607458   
7.609990   
7.612521   
7.615053   
7.617584   
7.620116   
7.622648   
7.625179   
7.627711   
7.630242   
7.632774   
7.635306   
7.637837   
7.640369   
7.642900   
7.645432   
7.647964   
7.650495   
7.653027   
7.655558   
7.658090   
7.660622   
7.663153   
7.665685   
7.668216   
7.670748   
7.673280   
7.675811   
7.678343   
7.680874   
7.683406   
7.685938   
7.688469   
7.691001   
7.693532   
7.696064   
7.698596   
7.701127   
7.703659   
7.706190   
7.708722   
7.711254   
7.713785   
7.716317   
7.718848   
7.721380   
7.723912   
7.726443   
7.728975   
7.731506   
7.734038   
7.736570   
7.739101   
7.741633   
7.744164   
7.746696   
7.749228   
7.751759   
7.754291   
7.756822   
7.759354   
7.761886   
7.764417   
7.766949   
7.769480   
7.772012   
7.774544   
7.777075   
7.779607   
7.782138   
7.784670   
7.787202   
7.789733   
7.792265   
7.794796   
7.797328   
7.799860   
7.802391   
7.804923   
7.807454   
7.809986   
7.812518   
7.815049   
7.817581   
7.820112   
7.822644   
7.825176   
7.827707   
7.830239   
7.832770   
7.835302   
7.837834   
7.840365   
7.842897   
7.845428   
7.847960   
7.850492   
7.853023   
7.855555   
7.858086   
7.860618   
7.863150   
7.865681   
7.868213   
7.870744   
7.873276   
7.875808   
7.878339   
7.880871   
7.883402   
7.885934   
7.888466   
7.890997   
7.893529   
7.896060   
7.898592   
7.901124   
7.903655   
7.906187   
7.908718   
7.911250   
7.913782   
7.916313   
7.918845   
7.921376   
7.923908   
7.926440   
7.928971   
7.931503   
7.934034   
7.936566   
7.939098   
7.941629   
7.944161   
7.946692   
7.949224   
7.951756   
7.954287   
7.956819   
7.959350   
7.961882   
7.964414   
7.966945   
7.969477   
7.972008   
7.974540   
7.977072   
7.979603   
7.982135   
7.984666   
7.987198   
7.989730   
7.992261   
7.994793   
7.997324   
7.999856   
8.002388   
8.004919   
8.007451   
8.009982   
8.012514   
8.015046   
8.017577   
8.020109   
8.022640   
8.025172   
8.027704   
8.030235   
8.032767   
8.035298   
8.037830   
8.040362   
8.042893   
8.045425   
8.047956   
8.050488   
8.053020   
8.055551   
8.058083   
8.060614   
8.063146   
8.065678   
8.068209   
8.070741   
8.073272   
8.075804   
8.078336   
8.080867   
8.083399   
8.085930   
8.088462   
8.090994   
8.093525   
8.096057   
8.098588   
8.101120   
8.103652   
8.106183   
8.108715   
8.111246   
8.113778   
8.116310   
8.118841   
8.121373   
8.123904   
8.126436   
8.128968   
8.131499   
8.134031   
8.136562   
8.139094   
8.141626   
8.144157   
8.146689   
8.149220   
8.151752   
8.154284   
8.156815   
8.159347   
8.161878   
8.164410   
8.166942   
8.169473   
8.172005   
8.174536   
8.177068   
8.179600   
8.182131   
8.184663   
8.187194   
8.189726   
8.192258   
